! 0.3333333333 0.6666666666
# top
5 1 1 1 2
5 -1 1 1 0
5 1 1 -1 2
5 -1 1 -1 0
1 1 1 0 -1
1 -1 1 0 1
# middle
4 0 0 0 0
8 1 0 1 0
8 1 0 -1 0
8 -1 0 1 0
8 -1 0 -1 0
8 1 0 0 0
8 -1 0 0 0
1 0 0 1 0
1 0 0 -1 2
# bottom
8 0 -1 0 0
8 1 -1 0 0
8 0 -1 1 0
8 -1 -1 0 0
8 0 -1 -1 0
8 1 -1 1 0
8 1 -1 -1 0
8 -1 -1 1 0
8 -1 -1 -1 0
# seed path l
3 -2 1 0 1
1 -3 1 0 -1
1 -3 0 0 1 1 -1 1
2 -4 0 0 -1
# seed path r
3 2 1 0 -1
1 3 1 0 1
1 3 0 0 -1 1 -1 1
2 4 0 0 1
# seed path f
3 0 -1 2 2
1 0 0 3 2
1 0 -1 3 0 1 -1 1
2 0 0 4 0
# seed path b
3 0 -1 -2 0
1 0 0 -3 0
1 0 -1 -3 2 1 -1 1
2 0 0 -4 2